---------------got packet 0---------
source_ip: 127.0.0.1
dest_ip: 127.0.0.1
source_port: 32824
dest_port: 9999
timestamp: 2684354560
total_length: 40249
cache_flag: 0
steps_flag: 1
type_flag: 0
status_code: 355
cache_control: 28714
00 
00 00 00 00 00 00 00 00 00 00 00 08 00 45 00 00 
3c c5 54 40 00 40 06 77 65 7f 00 00 01 7f 00 00 
01 80 38 27 0f ea ca de fb 00 00 00 00 a0 02 ff 
d7 fe 30 00 00 02 04 ff d7 04 02 08 0a 1a 85 a3 
5f 00 00 00 00 01 03 03 07 }
---------------got packet 1---------
source_ip: 127.0.0.1
dest_ip: 127.0.0.1
source_port: 9999
dest_port: 32824
timestamp: 2550136832
total_length: 40249
cache_flag: 0
steps_flag: 1
type_flag: 0
status_code: 355
cache_control: 12391
00 
00 00 00 00 00 00 00 00 00 00 00 08 00 45 00 00 
3c 00 00 40 00 40 06 3c ba 7f 00 00 01 7f 00 00 
01 27 0f 80 38 1a 95 d6 94 ea ca de fc a0 12 ff 
cb fe 30 00 00 02 04 ff d7 04 02 08 0a 1a 85 a3 
5f 1a 85 a3 5f 01 03 03 07 }
---------------got packet 2---------
source_ip: 127.0.0.1
dest_ip: 127.0.0.1
source_port: 32824
dest_port: 9999
timestamp: 1208156160
total_length: 40249
cache_flag: 0
steps_flag: 1
type_flag: 0
status_code: 355
cache_control: 6333
00 
00 00 00 00 00 00 00 00 00 00 00 08 00 45 00 00 
34 c5 55 40 00 40 06 77 6c 7f 00 00 01 7f 00 00 
01 80 38 27 0f ea ca de fc 1a 95 d6 95 80 10 02 
00 fe 28 00 00 01 01 08 0a 1a 85 a3 5f 1a 85 a3 
5f }
---------------got packet 3---------
source_ip: 127.0.0.1
dest_ip: 127.0.0.1
source_port: 32824
dest_port: 9999
timestamp: 1674131869
total_length: 687
cache_flag: 1
steps_flag: 1
type_flag: 1
status_code: 0
cache_control: 65535
00 
00 00 00 00 00 00 00 00 00 00 00 08 00 45 00 02 
e3 c5 56 40 00 40 06 74 bc 7f 00 00 01 7f 00 00 
01 80 38 27 0f ea ca de fc 1a 95 d6 95 80 18 02 
00 00 d8 00 00 01 01 08 0a 1a 85 a3 5f 1a 85 a3 
5f 63 c9 39 9d 02 af 00 1c ff ff 00 00 80 04 95 
98 02 00 00 00 00 00 00 8c 0a 63 61 6c 63 75 6c 
61 74 6f 72 94 8c 0a 42 69 6e 61 72 79 45 78 70 
72 94 93 94 29 81 94 7d 94 28 8c 0c 6c 65 66 74 
5f 6f 70 65 72 61 6e 64 94 68 02 29 81 94 7d 94 
28 68 05 68 00 8c 10 46 75 6e 63 74 69 6f 6e 43 
61 6c 6c 45 78 70 72 94 93 94 29 81 94 7d 94 28 
8c 08 66 75 6e 63 74 69 6f 6e 94 68 00 8c 08 46 
75 6e 63 74 69 6f 6e 94 93 94 29 81 94 7d 94 28 
8c 04 6e 61 6d 65 94 8c 03 73 69 6e 94 68 0c 8c 
04 6d 61 74 68 94 8c 03 73 69 6e 94 93 94 75 62 
8c 04 61 72 67 73 94 5d 94 68 09 29 81 94 7d 94 
28 68 0c 68 0e 29 81 94 7d 94 28 68 11 8c 03 6d 
61 78 94 68 0c 8c 08 62 75 69 6c 74 69 6e 73 94 
8c 03 6d 61 78 94 93 94 75 62 68 16 5d 94 28 68 
00 8c 08 43 6f 6e 73 74 61 6e 74 94 93 94 29 81 
94 7d 94 8c 05 76 61 6c 75 65 94 4b 02 73 62 68 
02 29 81 94 7d 94 28 68 05 68 22 29 81 94 7d 94 
68 25 4b 03 73 62 8c 08 6f 70 65 72 61 74 6f 72 
94 68 00 8c 0e 42 69 6e 61 72 79 4f 70 65 72 61 
74 6f 72 94 93 94 29 81 94 7d 94 28 8c 06 73 79 
6d 62 6f 6c 94 8c 01 2a 94 68 0c 8c 09 5f 6f 70 
65 72 61 74 6f 72 94 8c 03 6d 75 6c 94 93 94 8c 
0d 61 73 73 6f 63 69 61 74 69 76 69 74 79 94 68 
00 8c 0d 41 73 73 6f 63 69 61 74 69 76 69 74 79 
94 93 94 4b 00 85 94 52 94 75 62 8c 0d 72 69 67 
68 74 5f 6f 70 65 72 61 6e 64 94 68 22 29 81 94 
7d 94 68 25 4b 04 73 62 75 62 68 22 29 81 94 7d 
94 68 25 4b 05 73 62 68 02 29 81 94 7d 94 28 68 
05 68 22 29 81 94 7d 94 68 25 4b 06 73 62 68 2a 
68 2d 68 39 68 02 29 81 94 7d 94 28 68 05 68 02 
29 81 94 7d 94 28 68 05 68 22 29 81 94 7d 94 68 
25 4b 07 73 62 68 2a 68 2d 68 39 68 22 29 81 94 
7d 94 68 25 4b 08 73 62 75 62 68 2a 68 2c 29 81 
94 7d 94 28 68 2f 8c 01 2f 94 68 0c 68 31 8c 07 
74 72 75 65 64 69 76 94 93 94 68 34 68 38 75 62 
68 39 68 22 29 81 94 7d 94 68 25 4b 09 73 62 75 
62 75 62 68 02 29 81 94 7d 94 28 68 05 68 22 29 
81 94 7d 94 68 25 4b 0a 73 62 68 2a 68 4a 68 39 
68 22 29 81 94 7d 94 68 25 4b 0b 73 62 75 62 65 
75 62 61 75 62 68 2a 68 4a 68 39 68 22 29 81 94 
7d 94 68 25 4b 0c 73 62 75 62 68 2a 68 2d 68 39 
68 22 29 81 94 7d 94 68 25 4b 0d 73 62 75 62 2e 
}
---------------got packet 4---------
source_ip: 127.0.0.1
dest_ip: 127.0.0.1
source_port: 9999
dest_port: 32824
timestamp: 3489792000
total_length: 40249
cache_flag: 0
steps_flag: 1
type_flag: 0
status_code: 355
cache_control: 37746
00 
00 00 00 00 00 00 00 00 00 00 00 08 00 45 00 00 
34 6c 15 40 00 40 06 d0 ac 7f 00 00 01 7f 00 00 
01 27 0f 80 38 1a 95 d6 95 ea ca e1 ab 80 10 01 
fb fe 28 00 00 01 01 08 0a 1a 85 a3 5f 1a 85 a3 
5f }
---------------got packet 5---------
source_ip: 127.0.0.1
dest_ip: 127.0.0.1
source_port: 9999
dest_port: 32824
timestamp: 1674131869
total_length: 564
cache_flag: 1
steps_flag: 1
type_flag: 0
status_code: 200
cache_control: 65535
00 
00 00 00 00 00 00 00 00 00 00 00 08 00 45 00 02 
68 6c 16 40 00 40 06 ce 77 7f 00 00 01 7f 00 00 
01 27 0f 80 38 1a 95 d6 95 ea ca e1 ab 80 18 02 
00 00 5d 00 00 01 01 08 0a 1a 85 a3 61 1a 85 a3 
5f 63 c9 39 9d 02 34 c8 18 ff ff 00 00 80 04 95 
1d 02 00 00 00 00 00 00 47 bf d8 cc 84 91 13 d5 
9f 5d 94 28 8c 43 28 73 69 6e 28 6d 61 78 28 32 
2c 20 28 33 20 2a 20 34 29 2c 20 35 2c 20 28 36 
20 2a 20 28 28 37 20 2a 20 38 29 20 2f 20 39 29 
29 2c 20 28 31 30 20 2f 20 31 31 29 29 29 20 2f 
20 31 32 29 20 2a 20 31 33 94 8c 3e 28 73 69 6e 
28 6d 61 78 28 32 2c 20 31 32 2c 20 35 2c 20 28 
36 20 2a 20 28 28 37 20 2a 20 38 29 20 2f 20 39 
29 29 2c 20 28 31 30 20 2f 20 31 31 29 29 29 20 
2f 20 31 32 29 20 2a 20 31 33 94 8c 39 28 73 69 
6e 28 6d 61 78 28 32 2c 20 31 32 2c 20 35 2c 20 
28 36 20 2a 20 28 35 36 20 2f 20 39 29 29 2c 20 
28 31 30 20 2f 20 31 31 29 29 29 20 2f 20 31 32 
29 20 2a 20 31 33 94 8c 42 28 73 69 6e 28 6d 61 
78 28 32 2c 20 31 32 2c 20 35 2c 20 28 36 20 2a 
20 36 2e 32 32 32 32 32 32 32 32 32 32 32 32 32 
32 32 29 2c 20 28 31 30 20 2f 20 31 31 29 29 29 
20 2f 20 31 32 29 20 2a 20 31 33 94 8c 3d 28 73 
69 6e 28 6d 61 78 28 32 2c 20 31 32 2c 20 35 2c 
20 33 37 2e 33 33 33 33 33 33 33 33 33 33 33 33 
33 33 36 2c 20 28 31 30 20 2f 20 31 31 29 29 29 
20 2f 20 31 32 29 20 2a 20 31 33 94 8c 46 28 73 
69 6e 28 6d 61 78 28 32 2c 20 31 32 2c 20 35 2c 
20 33 37 2e 33 33 33 33 33 33 33 33 33 33 33 33 
33 33 36 2c 20 30 2e 39 30 39 30 39 30 39 30 39 
30 39 30 39 30 39 31 29 29 20 2f 20 31 32 29 20 
2a 20 31 33 94 8c 23 28 73 69 6e 28 33 37 2e 33 
33 33 33 33 33 33 33 33 33 33 33 33 33 36 29 20 
2f 20 31 32 29 20 2a 20 31 33 94 8c 20 28 2d 30 
2e 33 35 37 36 37 36 34 31 30 36 38 34 33 34 33 
34 37 20 2f 20 31 32 29 20 2a 20 31 33 94 8c 19 
2d 30 2e 30 32 39 38 30 36 33 36 37 35 35 37 30 
32 38 36 32 20 2a 20 31 33 94 8c 14 2d 30 2e 33 
38 37 34 38 32 37 37 38 32 34 31 33 37 32 30 36 
94 65 86 94 2e }
---------------got packet 6---------
source_ip: 127.0.0.1
dest_ip: 127.0.0.1
source_port: 32824
dest_port: 9999
timestamp: 2550136832
total_length: 40249
cache_flag: 0
steps_flag: 1
type_flag: 0
status_code: 355
cache_control: 5727
00 
00 00 00 00 00 00 00 00 00 00 00 08 00 45 00 00 
34 c5 57 40 00 40 06 77 6a 7f 00 00 01 7f 00 00 
01 80 38 27 0f ea ca e1 ab 1a 95 d8 c9 80 10 01 
fc fe 28 00 00 01 01 08 0a 1a 85 a3 61 1a 85 a3 
61 }
---------------got packet 7---------
source_ip: 127.0.0.1
dest_ip: 127.0.0.1
source_port: 9999
dest_port: 32824
timestamp: 2550136832
total_length: 40249
cache_flag: 0
steps_flag: 1
type_flag: 0
status_code: 355
cache_control: 38230
00 
00 00 00 00 00 00 00 00 00 00 00 08 00 45 00 00 
34 6c 17 40 00 40 06 d0 aa 7f 00 00 01 7f 00 00 
01 27 0f 80 38 1a 95 d8 c9 ea ca e1 ab 80 11 02 
00 fe 28 00 00 01 01 08 0a 1a 85 a3 61 1a 85 a3 
61 }
---------------got packet 8---------
source_ip: 127.0.0.1
dest_ip: 127.0.0.1
source_port: 32824
dest_port: 9999
timestamp: 2550136832
total_length: 40249
cache_flag: 0
steps_flag: 1
type_flag: 0
status_code: 355
cache_control: 22759
00 
00 00 00 00 00 00 00 00 00 00 00 08 00 45 00 00 
34 c5 58 40 00 40 06 77 69 7f 00 00 01 7f 00 00 
01 80 38 27 0f ea ca e1 ab 1a 95 d8 ca 80 11 02 
00 fe 28 00 00 01 01 08 0a 1a 85 a3 61 1a 85 a3 
61 }
---------------got packet 9---------
source_ip: 127.0.0.1
dest_ip: 127.0.0.1
source_port: 9999
dest_port: 32824
timestamp: 0
total_length: 0
cache_flag: 0
steps_flag: 0
type_flag: 0
status_code: 0
cache_control: 0
00 
00 00 00 00 00 00 00 00 00 00 00 08 00 45 00 00 
34 6c 18 40 00 40 06 d0 a9 7f 00 00 01 7f 00 00 
01 27 0f 80 38 1a 95 d8 ca ea ca e1 ac 80 10 02 
00 fe 28 00 00 01 01 08 0a 1a 85 a3 61 1a 85 a3 
61 }
